1, "0, 1 1500 2 2000";
2, "3, 4 250";
3, "5, 6 300 7 600 8 300 9 1500";
4, "10, 11 1000 12 250";
5, 13;
6, 14;
7, 15;
8, "16, 17 3500 18 2000 19 1500 20 1500 21 2800 22 1100 23 250 24 2000 25 3200";
9, 26;
10, 27;
11, 28;
12, "29, 30 700 31 9250";
13, "32, 33 700 34 1700 35 700";
14, "36, 37 1800 38 600 39 1100";
15, "40, 41 100";
16, 42;
17, "43, 44 700";
18, 45;
19, 46;
20, 47;
21, "48, 49 2000";
22, 50;
23, "51, 52 1200";
24, 53;
25, 54;
26, 55;
27, "56, 57 700";
28, 58;
29, 59;
30, 60;
31, "61, 62 2800 63 700 64 3200";
32, "65, 66 2700";
33, "67, 68 2000";
34, "69, 70 600";
35, "71, 72 600 73 500 74 2500";
36, 75;
37, "76, 77 800";
38, "78, 79 500";
39, 80;
40, 81;
41, "82, 83 1700";
42, "84, 85 800";
43, "86, 87 200 88 3300";
44, 89;
45, 90;
46, 91;
47, "92, 93 10000";
48, 94;
49, 95;
50, "96, 97 600 98 1900 99 2900 100 1500";
51, 101;
